0000031	4
0000031	4
0000031	4
0000031	4
0000031	3
0000031	1
0000031	4
0000031	4
0000031	4
0000031	5
0000031	1
0000031	3
0000031	3
0000031	4
0000031	5
0000031	2
0000031	2
0000031	5
0000031	1
0000031	5
0000031	3
0000031	5
0000031	3
0000031	5
0000031	2
0000031	3
0000031	3
0000031	4
0000031	4
0000031	5
0000031	2
0000031	5
0000031	1
0000031	3
0000031	3
0000031	4
0000031	2
0000031	3
0000031	4
0000031	1
0000031	2
0000031	3
0000031	3
0000031	1
0000031	5
0000031	5
0000031	5
0000031	1
0000031	5
0000031	1
0000031	4
0000031	4
0000031	1
0000031	3
0000031	3
0000031	1
0000031	3
0000031	1
0000031	5
0000031	2
0000031	5
0000031	3
0000031	3
0000031	4
0000031	3
0000031	3
0000031	5
0000031	1
0000031	3
0000031	3
0000031	3
0000031	2
0000031	3
0000031	5
0000031	3
0000031	1
0000031	1
0000031	3
0000031	4
0000031	3
0000031	4
0000031	5
0000031	2
0000031	3
0000031	3
0000031	4
0000031	5
0000031	3
0000031	2
0000031	3
0000031	1
0000031	5
0000031	3
0000031	4
0000031	4
0000031	3
0000031	4
0000031	4
0000031	2
0000031	3
0000031	3
0000031	3
0000031	3
0000031	3
0000031	4
0000031	3
0000031	4
0000031	1
0000031	2
0000031	2
0000031	4
0000031	4
0000031	3
0000031	3
0000031	5
0000031	4
0000031	2
0000031	4
0000031	3
0000031	4
0000031	1
0000031	2
0000031	4
0000031	5
0000031	1
0000031	5
0000031	3
0000031	3
0000031	4
0000031	4
0000031	2
0000031	4
0000031	2
0000031	2
0000031	3
0000031	5
0000031	3
0000031	4
0000031	3
0000031	1
0000031	4
0000031	3
0000031	4
0000031	4
0000031	3
0000031	1
0000031	3
0000031	1
0000031	3
0000031	4
0000031	3
0000031	1
0000031	1
0000031	1
0000031	3
0000031	4
0000031	3
0000031	3
0000031	5
0000031	1
0000031	3
0000031	1
0000031	2
0000031	4
0000031	3
0000031	4
0000031	2
0000031	2
0000031	5
0000031	4
0000031	3
0000031	3
0000031	5
0000031	5
0000031	4
0000031	4
0000031	4
0000031	1
0000031	3
0000031	1
0000031	1
0000031	5
0000031	4
0000031	4
0000031	3
0000031	1
0000031	4
0000031	1
0000031	1
0000031	4
0000031	3
0000031	4
0000031	2
0000031	2
0000031	1
0000031	4
0000031	1
0000031	3
0000031	1
0000031	1
0000031	3
0000031	1
0000031	4
0000031	4
0000031	4
0000031	2
0000031	4
0000031	1
0000031	2
0000031	2
0000031	2
0000031	1
0000031	5
0000031	2
0000031	4
0000031	1
0000031	5
0000031	5
0000031	4
0000031	5
0000031	2
