10289	1
1029163	1
1035688	1
1046137	1
1053405	1
1054783	1
106024	1
1086327	1
1087944	1
1101694	1
1105029	1
1109711	1
1112365	1
1127871	1
1142479	1
1145720	1
1146418	1
115613	1
1184850	1
1205277	1
1219183	1
1223912	1
1230111	1
1234576	1
1253614	1
1261245	1
1267805	1
1272379	1
1275006	1
1288627	1
1289074	1
1298511	1
1312412	1
1325467	1
1331887	1
1334853	1
1349495	1
1351651	1
1352970	1
1361400	1
1363632	1
137259	1
1389799	1
1393255	1
1407665	1
1437947	1
1446054	1
1458814	1
1461435	1
146191	1
1475516	1
1478210	1
1509395	1
1512799	1
1516910	1
152482	1
1529338	1
155342	1
1559083	1
1584550	1
1587846	1
1590648	1
1593256	1
1602955	1
1623132	1
1623353	1
16272	1
1639792	1
1646270	1
1650301	1
1664010	1
1727232	1
1737484	1
1743858	1
1744093	1
1755138	1
1760492	1
1799734	1
1811546	1
1815990	1
1825869	1
1829965	1
1835306	1
1843344	1
1845019	1
1876520	1
1903434	1
1917077	1
1919154	1
1931836	1
1933644	1
1937135	1
1942930	1
1955798	1
1966186	1
1988735	1
199248	1
2011043	1
2012897	1
202678	1
2029979	1
2080664	1
2082635	1
2087863	1
209494	1
2105661	1
2142536	1
2147527	1
2158747	1
2159876	1
2166515	1
2188827	1
2189691	1
219059	1
2192991	1
2209618	1
2220732	1
2225314	1
2226978	1
2230285	1
224641	1
2248624	1
2270156	1
2272654	1
2282041	1
2291306	1
2292382	1
2307374	1
2313492	1
2336079	1
2337411	1
2359761	1
2373911	1
2379395	1
2384810	1
2391213	1
2403148	1
2415041	1
2430930	1
2439493	1
2452538	1
2456431	1
2457095	1
24577	1
2458526	1
2472640	1
2476826	1
2494753	1
2525160	1
2528348	1
2533261	1
2550506	1
2563731	1
2580917	1
260257	1
2603102	1
2626336	1
2630683	1
2634967	1
2646773	1
289781	1
305344	1
330802	1
354344	1
374008	1
374380	1
374858	1
387418	1
433814	1
494966	1
496436	1
505375	1
507094	1
507301	1
521443	1
523779	1
544147	1
551196	1
554932	1
566690	1
567909	1
574918	1
575969	1
578699	1
579476	1
589760	1
654632	1
66483	1
669380	1
672012	1
710154	1
710565	1
71594	1
721073	1
726538	1
727972	1
749662	1
752642	1
76196	1
772137	1
789894	1
790168	1
791243	1
792534	1
797951	1
798296	1
802351	1
818541	1
8382	1
855933	1
860220	1
869845	1
87872	1
895863	1
90798	1
93349	1
939816	1
967507	1
985495	1
988959	1
990297	1
